4 3
0 1 2 3 4 5 6 7 8 9 10 11
1 2 6 3 4 5 0 7 8 9 10 11
4 3
0 1 2 3 4 5 6 7 8 9 10 11
1 2 7 6 4 0 5 3 8 9 10 11
4 3
0 1 2 3 4 5 6 7 8 9 10 11
1 2 7 6 8 4 0 3 9 10 5 11
4 3
0 1 2 3 4 5 6 7 8 9 10 11
1 2 7 6 0 8 4 3 9 10 5 11
4 3
0 1 2 3 4 5 6 7 8 9 10 11
0 2 7 6 1 9 4 3 10 8 5 11
4 3
0 1 2 3 4 5 6 7 8 9 10 11
2 7 4 6 1 9 3 0 10 8 5 11
4 3
0 1 2 3 4 5 6 7 8 9 10 11
2 7 4 6 1 0 3 11 10 9 8 5
4 3
0 1 2 3 4 5 6 7 8 9 10 11
0 3 1 4 7 2 11 6 10 9 8 5
4 3
0 1 2 3 4 5 6 7 8 9 10 11
3 2 1 4 7 11 6 5 10 0 9 8
4 3
0 1 2 3 4 5 6 7 8 9 10 11
3 2 1 0 11 6 5 4 7 10 9 8
4 3
0 1 2 3 4 5 6 7 8 9 10 11
1 2 6 3 4 5 0 7 8 9 10 11
4 3
0 1 2 3 4 5 6 7 8 9 10 11
1 2 6 3 4 5 0 7 8 9 10 11