6 2
0 1 2 3 4 5 6 7 8 9 10 11
1 0 2 3 4 5 6 7 8 9 10 11
6 2
0 1 2 3 4 5 6 7 8 9 10 11
1 2 3 4 0 5 6 7 8 9 10 11
6 2
0 1 2 3 4 5 6 7 8 9 10 11
1 2 3 4 5 11 6 7 8 9 0 10
6 2
0 1 2 3 4 5 6 7 8 9 10 11
1 2 3 4 5 11 0 6 7 8 9 10
6 2
0 1 2 3 4 5 6 7 8 9 10 11
2 0 3 4 5 11 1 6 7 8 9 10
6 2
0 1 2 3 4 5 6 7 8 9 10 11
2 3 4 5 9 11 1 6 7 8 0 10
6 2
0 1 2 3 4 5 6 7 8 9 10 11
3 4 5 9 0 11 2 1 6 7 8 10
6 2
0 1 2 3 4 5 6 7 8 9 10 11
4 0 5 9 11 10 3 2 1 6 7 8
6 2
0 1 2 3 4 5 6 7 8 9 10 11
5 10 3 2 6 7 11 4 0 9 8 1
6 2
0 1 2 3 4 5 6 7 8 9 10 11
5 10 3 2 7 1 11 4 9 8 6 0